"0","plume_upwind_probs <- data.frame(direction = -3:3)"
