"0","# LDT54F "
"0","# "
"0","# "
"0",""
